106.06
106.08
106.07
106.21
106.20
106.18
106.16
106.21
106.20
106.21
106.23
106.22
106.21
106.22
106.23
106.29
106.34
106.29
106.34
106.37
106.38
106.42
106.38
106.41
106.42
106.44
106.42
106.43
106.45
106.47
106.46
106.45
106.44
106.45
106.46
106.47
106.46
106.47
106.48
106.49
106.47
106.48
106.49
106.50
106.54
106.56
106.55
106.53
106.54
106.53
106.54
106.53
106.54
106.55
106.56
106.54
106.57
106.58
106.55
106.54
106.55
106.54
106.52
106.51
106.50
106.49
106.50
106.49
106.50
106.51
106.53
106.51
106.49
106.50
106.49
106.48
106.50
106.54
106.53
106.54
106.55
106.58
106.61
106.64
106.63
106.64
106.63
106.62
106.61
106.63
106.64
106.63
106.64
106.63
106.64
106.63
106.62
106.63
106.62
106.63
106.62
106.63
106.62
106.63
106.62
106.63
106.64
106.63
106.64
106.63
106.64
106.62
106.61
106.60
106.59
106.58
106.59
106.55
106.49
106.48
106.46
106.45
106.44
106.43
106.44
106.43
106.44
106.45
106.46
106.45
106.42
106.44
106.43
106.42
106.43
106.42
106.40
106.39
106.38
106.37
106.38
106.40
106.35
106.39
106.37
106.35
106.23
106.29
106.22
104.18
104.17
105.09
105.08
105.05
105.07
105.09
105.10
105.08
105.06
105.07
105.04
104.87
104.83
104.84
104.82
104.80
104.81
104.79
104.81
104.82
104.83
104.80
104.81
104.78
104.79
104.76
104.77
104.78
104.77
104.76
104.74
104.76
104.77
104.74
104.73
104.76
104.75
104.74
104.75
104.79
104.83
104.86
104.88
104.87
104.91
104.93
104.94
104.93
104.92
104.91
104.88
104.86
104.88
104.86
104.88
104.87
104.88
104.87
104.86
104.83
104.85
104.84
104.80
104.81
104.80
104.82
104.84
104.86
104.85
104.82
104.84
104.83
104.85
104.87
104.86
104.84
104.81
120.56
