2546.2356190.60
190.58
190.39
190.39
190.44
190.44
190.35
190.35
190.40
190.44
190.44
190.44
190.34
190.41
190.30
190.30
190.31
190.46
190.48
190.49
190.57
190.58
190.58
190.64
190.65
190.65
190.65
190.59
190.59
190.57
190.57
190.56
190.56
190.56
190.56
190.56
190.60
190.60
190.62
190.62
190.62
190.62
190.62
190.63
190.63
190.63
190.66
190.66
190.66
190.66
190.66
190.66
190.66
190.66
190.65
190.65
190.65
190.65
190.65
190.65
190.65
190.65
190.65
190.65
190.62
190.62
190.62
190.67
190.67
190.67
190.67
190.70
190.67
190.66
190.68
190.69
190.72
190.71
190.71
190.72
190.72
190.73
190.71
190.71
190.74
190.86
190.89
190.97
190.95
190.99
190.96
190.99
191.05
191.05
191.08
191.08
191.07
191.07
191.10
190.99
191.06
191.06
191.00
191.00
191.00
191.00
191.01
191.02
191.02
191.02
191.02
191.02
191.02
191.02
190.98
191.00
191.00
191.00
191.00
190.96
190.98
190.98
190.97
190.97
190.97
191.01
191.01
191.01
191.01
191.01
191.00
191.00
191.00
191.00
191.00
190.94
190.94
190.94
190.92
190.92
190.92
190.92
190.89
190.89
190.89
190.89
190.89
190.89
190.89
190.89
190.89
190.89
190.89
190.89
190.90
190.87
190.87
190.90
190.90
190.90
190.89
190.89
190.89
190.88
190.88
190.87
190.88
190.88
190.88
190.87
190.85
190.87
190.87
190.87
190.87
190.83
190.83
190.84
190.86
190.84
190.84
190.88
190.88
190.88
190.88
190.88
190.88
190.88
190.89
190.89
190.89
190.89
190.89
190.89
190.89
190.81
190.81
190.85
190.85
