/*Owner & Copyrights: Vance King Saxbe. A.*/66.90
66.89
66.90
66.89
66.88
66.89
66.88
66.89
66.90
66.91
66.93
66.95
66.96
66.97
66.98
66.99
66.97
66.98
66.97
66.96
66.97
66.96
66.95
66.96

66.96
66.97
66.98
66.97
66.96
66.97
66.96
66.95
66.94
66.95
66.94
66.93
66.95
66.96

66.96

67.06

67.06
67.05
67.04
67.05
67.09
67.10
67.08
67.07

67.04
67.05
67.04
67.05
67.06
67.05
67.04
67.07
67.05
67.04
67.03
67.02

66.99

66.99

66.99

66.95

66.91

66.91
66.93
66.94
66.92
66.94

66.96

66.96

66.87
66.78
66.80
66.81
66.85
66.84
66.94
66.92
66.86
66.85
66.86
66.85
66.74
66.78
66.79
66.78
66.77
66.76
66.78
66.82
66.83
66.86
66.87
66.88
66.87
66.88
66.87
66.88
66.89
66.88
66.89
66.88
66.89
66.88
66.86
66.85
66.84
66.83
66.82
66.85
66.81
66.82
66.81
66.80
66.81
66.83
66.85
66.84
66.83
66.82
66.81
66.80
66.81
66.80
66.81
66.82
66.85
66.86
66.89
66.87
61.12
61.13
61.12
61.11
61.12
61.11
61.12
61.11
61.09
61.12
61.11
61.12
61.13
61.16
61.15
61.14
61.13
61.14
61.13
61.14
61.15
61.16
61.17
61.16
61.19
61.20
61.19
61.20
61.19
61.20
61.21
61.19
61.18
61.17
61.18
61.17
61.19
61.20
61.21
61.22
61.21
61.20
61.21
61.20
61.18
/*email to provide support at vancekingsaxbe@powerdominionenterprise.com, businessaffairs@powerdominionenterprise.com, For donations please write to fundraising@powerdominionenterprise.com*/